3 0 831
4 0 833
3 0 834
3 1 834
5 0 835
6 0 836
7 0 837
5 0 839
5 1 839
7 0 841
7 1 841
5 1 845
5 2 845
7 1 849
7 2 849
5 2 857
5 3 857
7 2 865
7 3 865
5 3 881
5 4 881
7 3 897
7 4 897
5 4 929
5 4 929
7 4 929
7 3 929
4 0 930
4 1 930
6 0 931
6 1 931
4 1 935
4 2 935
6 1 939
6 2 939
4 2 947
4 3 947
6 2 955
6 3 955
7 3 955
7 2 955
5 4 955
5 3 955
7 2 956
7 3 956
4 3 972
4 4 972
6 3 988
6 4 988
5 3 988
5 2 988
5 2 989
5 3 989
7 3 989
7 2 989
7 2 990
7 3 990
5 3 991
5 4 991
7 3 992
7 4 992
4 4 1024
4 4 1024
6 4 1024
6 3 1024
7 4 1024
7 3 1024
6 3 1025
6 4 1025
5 4 1025
5 3 1025
7 3 1026
7 4 1026
5 3 1027
5 4 1027
4 4 1028
4 4 1028
6 4 1060
6 4 1060
7 4 1060
7 3 1060
4 4 1060
4 3 1060
7 3 1061
7 4 1061
5 4 1061
5 3 1061
4 3 1062
4 4 1062
5 3 1063
5 4 1063
6 4 1064
6 4 1064
7 4 1096
7 4 1096
4 4 1096
4 3 1096
6 4 1096
6 3 1096
4 3 1097
4 4 1097
5 4 1097
5 3 1097
6 3 1098
6 4 1098
5 3 1099
5 4 1099
7 4 1100
7 4 1100
4 4 1101
4 4 1101
6 4 1102
6 4 1102
5 4 1103
5 4 1103
7 4 1104
7 4 1104
4 4 1105
4 4 1105
6 4 1106
6 4 1106
5 4 1107
5 4 1107
7 4 1108
7 4 1108
4 4 1109
4 4 1109
6 4 1110
6 4 1110
5 4 1111
5 4 1111
7 4 1112
7 4 1112
4 4 1113
4 4 1113
6 4 1114
6 4 1114
5 4 1115
5 4 1115
7 4 1116
7 4 1116
4 4 1117
4 4 1117
6 4 1118
6 4 1118
5 4 1119
5 4 1119
7 4 1120
7 4 1120
4 4 1121
4 4 1121
6 4 1122
6 4 1122
5 4 1123
5 4 1123
7 4 1124
7 4 1124
4 4 1125
4 4 1125
6 4 1126
6 4 1126
5 4 1127
5 4 1127
7 4 1128
7 4 1128
4 4 1129
4 4 1129
6 4 1130
6 4 1130
5 4 1131
5 4 1131
7 4 1132
7 4 1132
4 4 1133
4 4 1133
6 4 1134
6 4 1134
5 4 1135
5 4 1135
7 4 1136
7 4 1136
4 4 1137
4 4 1137
6 4 1138
6 4 1138
5 4 1139
5 4 1139
7 4 1140
7 4 1140
4 4 1141
4 4 1141
6 4 1142
6 4 1142
5 4 1143
5 4 1143
7 4 1144
7 4 1144
4 4 1145
4 4 1145
6 4 1146
6 4 1146
5 4 1147
5 4 1147
7 4 1148
7 4 1148
4 4 1149
4 4 1149
6 4 1150
6 4 1150
5 4 1151
5 4 1151
7 4 1152
7 4 1152
4 4 1153
4 4 1153
6 4 1154
6 4 1154
5 4 1155
5 4 1155
7 4 1156
7 4 1156
4 4 1157
4 4 1157
6 4 1158
6 4 1158
5 4 1159
5 4 1159
7 4 1160
7 4 1160
4 4 1161
4 4 1161
6 4 1162
6 4 1162
5 4 1163
5 4 1163
7 4 1164
7 4 1164
4 4 1165
4 4 1165
6 4 1166
6 4 1166
5 4 1167
5 4 1167
7 4 1168
7 4 1168
4 4 1169
4 4 1169
6 4 1170
6 4 1170
5 4 1171
5 4 1171
7 4 1172
7 4 1172
4 4 1173
4 4 1173
6 4 1174
6 4 1174
5 4 1175
5 4 1175
7 4 1176
7 4 1176
4 4 1177
4 4 1177
6 4 1178
6 4 1178
5 4 1179
5 4 1179
7 4 1180
7 4 1180
4 4 1181
4 4 1181
6 4 1182
6 4 1182
5 4 1183
5 4 1183
7 4 1184
7 4 1184
4 4 1185
4 4 1185
6 4 1186
6 4 1186
5 4 1187
5 4 1187
7 4 1188
7 4 1188
4 4 1189
4 4 1189
6 4 1190
6 4 1190
5 4 1191
5 4 1191
7 4 1192
7 4 1192
4 4 1193
4 4 1193
6 4 1194
6 4 1194
5 4 1195
5 4 1195
7 4 1196
7 4 1196
4 4 1197
4 4 1197
6 4 1198
6 4 1198
5 4 1199
5 4 1199
7 4 1200
7 4 1200
4 4 1201
4 4 1201
6 4 1202
6 4 1202
5 4 1203
5 4 1203
7 4 1204
7 4 1204
4 4 1205
4 4 1205
6 4 1206
6 4 1206
5 4 1207
5 4 1207
7 4 1208
7 4 1208
4 4 1209
4 4 1209
6 4 1210
6 4 1210
5 4 1211
5 4 1211
7 4 1212
7 4 1212
4 4 1213
4 4 1213
6 4 1214
6 4 1214
5 4 1215
5 4 1215
7 4 1216
7 4 1216
4 4 1217
4 4 1217
6 4 1218
6 4 1218
5 4 1219
5 4 1219
7 4 1220
7 4 1220
4 4 1221
4 4 1221
6 4 1222
6 4 1222
5 4 1223
5 4 1223
7 4 1224
7 4 1224
4 4 1225
4 4 1225
6 4 1226
6 4 1226
5 4 1227
5 4 1227
7 4 1228
7 4 1228
4 4 1229
4 4 1229
6 4 1230
6 4 1230
5 4 1231
5 4 1231
7 4 1232
7 4 1232
4 4 1233
4 4 1233
6 4 1234
6 4 1234
5 4 1235
5 4 1235
7 4 1236
7 4 1236
4 4 1237
4 4 1237
6 4 1238
6 4 1238
5 4 1239
5 4 1239
7 4 1240
7 4 1240
4 4 1241
4 4 1241
6 4 1242
6 4 1242
5 4 1243
5 4 1243
7 4 1244
7 4 1244
4 4 1245
4 4 1245
6 4 1246
6 4 1246
5 4 1247
5 4 1247
7 4 1248
7 4 1248
4 4 1249
4 4 1249
6 4 1250
6 4 1250
5 4 1251
5 4 1251
7 4 1252
7 4 1252
4 4 1253
4 4 1253
6 4 1254
6 4 1254
5 4 1255
5 4 1255
7 4 1256
7 4 1256
4 4 1257
4 4 1257
6 4 1258
6 4 1258
5 4 1259
5 4 1259
7 4 1260
7 4 1260
4 4 1261
4 4 1261
6 4 1262
6 4 1262
7 4 1263
7 4 1263
4 4 1264
4 4 1264
6 4 1265
6 4 1265
4 4 1266
4 4 1266
6 4 1267
6 4 1267
4 4 1268
4 4 1268
6 4 1269
6 4 1269
4 4 1270
4 4 1270
6 4 1271
6 4 1271
4 4 1272
4 4 1272
6 4 1272
4 4 1274
4 4 1274
4 4 1275
4 4 1275
4 4 1276
4 4 1276
4 4 1277
4 4 1277
4 4 1278
4 4 1278
4 4 1279
4 4 1279
4 4 1280
4 4 1280
4 4 1281
4 4 1281
4 4 1282
4 4 1282
4 4 1283
4 4 1283
4 4 1284
4 4 1284
5 4 1343
5 4 1343
5 4 1344
5 4 1344
5 4 1345
5 4 1345
5 4 1346
5 4 1346
5 4 1347
5 4 1347
5 4 1348
5 4 1348
5 4 1349
5 4 1349
5 4 1350
5 4 1350
5 4 1351
5 4 1351
5 4 1352
5 4 1352
5 4 1353
5 4 1353
5 4 1354
5 4 1354
5 4 1355
5 4 1355
5 4 1356
7 4 1355
3 1 1357
3 2 1357